INTRODUCTION. VH

161666,1666 666 61616666, 16 611661666661666, 66
comme rendu 166 66116 616661 166611 6664166616 666
16 temps 16 6666666661,11661616 61161161 inquiet,
croyant que 166616 166616 6666616 666 666166 66
66 1666 1 666 argent. Le riche Megadoro, qui 11616
16 1616 166 1661166616 66666666, 1616661666 1116-
riage 16 1116 modeste 16, 666116 1661166. 116161-61
s’imegine que 666 6661666 Ι366116 6661 66 61666 6
16 16616166. 116616 aux instenees de Megadoro,
61616 66 66661666 que 6611116 6 ’6616 66166 16 166.
Megadore fait 166 11616 16166666 66 661616166 661·-
6161616 6661 61666161 16 16666 1611616 maison (16 666
11666- -6616 66 (1666 16 616666 11666 61616 qu 11661166 ¹
1616, 6166666661 6166 3661666116, 66666 1116116166,
qui 666 1161166116, 661 666 1116666166 66 661 166 166-
gers qu’elle court, 16 61661161 661666666616 16 616661
Mass 16661666661666661166161616 666116 conserver
16 161 1666 661116. ’166116661116 61616666 66616 666
bras 661111 61616116 666 61116 66616666, 66166616616,

66 16616 66 66 161616. 1166661666666661166616 666-
velle 11661 6666116661 Ι1666166. 1166661116, 6616616

Μ6661616, qui 61666116 16 11161Ἐ661166,166116666
66616 6 16666661 66 66 161661 61661666611 6 666-
6166. 1161616611 61666 66 16666 66 6611661661 16(
6666616, 66161666616616661666116 que 16 116 616 66
1116161166, 66616616666 666616611166611666611616·
1661. Μ616 quand enfin 1666666166166161616166116

 

